1     0   25556680       128
1     0          0         0
1     0   25556808         8
1     0          0         0
1     0   25556808         0
3     0   26651160         1
3     0   26651161         1
3     0   26651162         1
3     0   26651163         1
3     0   26651164         1
3     0   26651165         1
4     0   22296096        32
0     0   26036848         8
0     0    8701952       256
0     0    8702208       256
0  6353    8702464       256
0  6353    8702720       256
0  6353    8702976       256
0  6353    8703232       256
0  6353    8703488       256
0  6353    8703744       256
0  6353    8704000       256
0  6353    8704256       256
0  6353    8704512       256
0  6353    8704768       256
0  6353    8705024       256
0  6353    8705280       256
0  6353    8705536       256
0  6353    8705792       256
0  6353    8706048       256
0  6353    8706304       256
0  6353    8706560       256
0  6353    8706816       256
0  6353    8707072       256
0  6353    8707328       256
0  6353    8707584       256
0  6353    8707840       256
0  6353    8708096       256
0  6353    8708352       256
0     0    8708608       256
0  6353    8708864       256
0  6353    8709120       256
0  6353    8709376       256
0  6353    8709632       256
0  6353    8709888       256
0  6353    8710144       256
0  1746    8710400       256
0  6353    8710656       256
0  6353    8710912       256
0  1746    8711168       256
0  6353    8711424       256
0  6353    8711680       256
0  6353    8711936       256
0  6353    8712192       256
0  6353    8712448       256
0  6353    8712704       256
0  6353    8712960       256
0  6353    8713216       256
0  6353    8713472       256
0  6353    8713728       256
0  6353    8713984       256
0  6353    8714240       256
0  6353    8714496       256
0  6353    8714752       256
0  6353    8715008       256
0  6353    8715264       256
0  6353    8715520       256
0  6353    8715776       256
0  6353    8716032       256
0  6353    8716288       256
0  6353    8716544       256
0  6353    8716800       256
0  6353    8717056       256
0  6353    8717312       256
0  6353    8717568       256
0  6353    8717824       256
0  6353    8718080       256
0  6353    9078784       256
0  6353    9079040       256
0  6353    9079296       256
0  6353    9079552       256
0  6353    9079808       256
0  6353    9080064       256
0  6353    9080320       256
0  6353    9080576       256
0  6353    9080832       256
0  6353    9081088       256
0  6353    9081344       256
0  6353    9081600       256
0  6353    9081856       256
0  6353    9082112       256
0  6353    9082368       256
0  6353    9082624       256
0  6353    9082880       256
0  6353    9083136       256
0  6353    9083392       256
0  6353    9083648       256
0  6353    9083904       256
0  1746    9084160       256
0     0    9084416       256
0  6353    9084672       256
0  6353    9084928       256
0  6353    9085184       256
0  6353    9085440       256
0  6353    9085696       256
0  6353    9085952       256
0  6353    9086208       256
0  6353    9086464       256
0  6353    9086720       256
0  6353    9086976       256
0     0    9087232       256
0  6353    9087488       256
0  6353    9087744       256
0  6353    9088000       256
0  6353    9088256       256
0  6353    9088512       256
0  6353    9088768       256
0     0    9089024       256
0  6353    9089280       256
0     0    9089536       256
0  6353    9089792       256
0  6353    9090048       256
0     0    9090304       256
0  6353    9090560       256
0     0    9090816       256
0  6353    9091072       256
0  6353    9091328       256
0  6353    9091584       256
0  6353    9091840       256
0  6353    9092096       256
0  6353    9092352       256
0  6353    9092608       256
0  6353    9092864       256
0  6353    9093120       256
0  6353    9093376       256
0  6353    9093632       256
0     0    9093888       256
0  6353    9094144       256
0  6353    9094400       256
0  6353    9094656       256
0  6353    9094912       256
0     0    8923136       256
0  6353    8923392       256
0  1746    8923648       256
0  6353    8923904       256
0  6353    8924160       256
0  6353    8924416       256
0  6353    8924672       256
0  6353    8924928       256
0  6353    8925184       256
0  6353    8925440       256
0  6353    8925696       256
0  6353    8925952       256
0  6353    8926208       256
0  6353    8926464       256
0  6353    8926720       256
0  6353    8926976       256
0  6353    8927232        80
0     0   12665088         8
0     0   26647792         8
4     0   16845680         8
4     0   26651760        80
4     0   33827016         8
4     0   34137816        96
4     0   33826624        32
4     0   33827168        32
2     0   12663472         8
2     0   26647912        96
2     0   12968472         8
5     0   12665224         8
5     0   13860864         8
5     0   26148136        16
5     0   13861888        24
5     0   26148152        16
5     0   26148168        16
3     0   13645568        32
3     0   13665536        32
3  6370   13645624         8
3     0   13665568        64
3  6361   13645664         8
3  6381   13665632       128
3  6381   13665760        32
3     0   12686296         8
3  6370   13645600        24
3  6370   13645632        32
3  6361   12968736         8
3  6381   12866520         8
3     0   12856680         8
3  6381   12661632         8
3  6381   34179192         8
3     0   38554680         8
3  6361   38554696         8
3     0   26983768        32
3     0   13019008         8
3  6399   13019024         8
3     0   26983768         8
3     0   26651736        24
3     0          0         0
3     0          0         0
3     0   13645704         8
3  6381   13645568        16
3  6381   13645624         8
3  6401   13645648         8
3  6401   13645664         8
3  6401   13645704         8
3     0   10236640        32
0  1197   13031384         8
0  6396   13039184         8
0  6396   13026648         8
0  6396   13019000         8
0  6377   26651840        48
0  6377    8467520         8
0     0    8390656         8
1  6377   13637632        32
1  6377   13637840         8
1  6377   13637856         8
1  6377   13637664        64
1  6362   13637728       112
1  6362   13637848         8
1  6362   13637864        88
1  6377   12998808         8
1  6377   26020928        32
1  6362   26020960         8
1  6362   26021208        16
1  6362   26573752         8
1  6362   26573928        16
1  6362   34249504        16
1  6362   34020192         8
1  6362   26732928         8
1  6362    7867264         8
1  6362   26631424         8
1  6362   26631592         8
1  6377   25556816       440
1  6377          0         0
1  6377   25557256         8
1  6377          0         0
1  6377   25557256         0
1  6377   26651648         8
1  6377   12954968         8
1  6377   13025160         8
1  6377   26651432         8
1  6377   26483232        24
1  6377   25557264       272
1  6377          0         0
1   299   25557536         8
1  6377          0         0
1  6377   25557536         0
1     0   13026656         8
1     0    8390784         8
1   300   30232064      2560
1   300   30234624      1808
1  6370   25557544       208
1  6370          0         0
1  6370   25557752         8
1  6370          0         0
1  6370   25557752         0
1  6370   25557760       192
1  6370          0         0
1  6370   25557952         8
1  6370          0         0
1  6370   25557952         0
2     0    8667984         8
2     0   12665104         8
2     0    8668192         8
2     0    8668864         8
2  6342    8669264         8
2  6342    8390664         8
4     0   12663424         8
4     0   12968384         8
4     0   26148184         8
4     0   26148216         8
4  6382   13019032         8
4  6384   30001152      2560
4    36   13014992         8
4  6370   12915376         8
4  1369   30003712      2560
4  1369   30006272      2560
4  1369   12663648         8
4  1369   12698792         8
4  1369   12665128         8
4  1369   13039328         8
4  1369   13014976         8
4  1369   30008832      2560
4  6370   30011392      2560
4  1202   13026264         8
4  1202   12892704        16
4  1369   30013952      2560
4  1369   30016512      1024
4    36   30230528      1536
4  1369   12889072         8
4  1369   12663216         8
4  1369   12882960        16
4  1369   12855928         8
4  1202   12663864         8
4  1369   12882056        24
4  1369   12957568         8
4  1369   12703096         8
4  1369   12915664        16
4  1369   12703080         8
4  1369   12686224         8
4  1202   12702832         8
4  1369   12702816         8
4  1369   12699336         8
4  1369   12703056         8
4  1369   12702984         8
4  1369   12702888         8
4  1369   12703008         8
4  1369   12702920         8
4  1369   12702960         8
4  1369   12702896         8
4  1369   12698968         8
4  1369   12702848         8
4  1369   12702880         8
4  1369   12702808         8
4  1369   12702968         8
4     0   12702904         8
4     0   12702840         8
4     0   12702864         8
4     0   12702944         8
4     0   12703048         8
4     0   12702976         8
4     0   12702872         8
4     0   12702856         8
4  1369   12703016         8
4  1369   12698800         8
4  1369   12699344         8
4  1369   12702912         8
4  1369   12702928         8
4     0   12698808         8
4     0   12703024         8
5  6382   12663440         8
5     0   26139632         8
5     0   26148192         8
5     0   26148224         8
5     0   12669736         8
5  6371   12891080         8
5  6371   26651560         8
5     0   12855944         8
5     0   26651544        16
5  6382   26139648        32
5  6382   12663464         8
5     0   26139704         8
5  6360   26160064         8
5  6360   26160048        16
5  6360   26139680        24
5  6360   26139712         8
5  6360   38385896         8
5     0   38365344         8
5  6360   12700904         8
5  1191   12889840        16
5  6383   13015008         8
5  6371   26933728         8
5     0   13025272         8
5     0   26933736         8
1     0   13153560       176
1     0   13150208       152
1     0   13152944       608
1     0   13153552         8
1     0   13395968      1656
1     0   13397624         8
1     0   13021112         8
1     0   13021104         8
1     0   13103856        24
1     0   13019064        72
1     0   12992336        16
1     0   13153736       232
1     0   13103880        40
1     0   13140544       592
1     0   13141136         8
4     0   12698840         8
4     0   12702952         8
4     0   12702992         8
4     0   12703000         8
4     0   12702784         8
4     0   12703032         8
4     0   12703064         8
4     0   12703040         8
4     0   12702936         8
4     0   12703088         8
4     0   12703072         8
4     0   12902112         8
4     0   12902120         8
4     0   12902128         8
4     0   12902136         8
4     0   12915648         8
4     0   12916616         8
4     0   12902144         8
4     0   12902152         8
4     0   12902160         8
4     0   12902168         8
4     0   12902176         8
4     0   12902184         8
4     0   12902192         8
4     0   12902200         8
4     0   12928400         8
4     0   12928408         8
4     0   12915392         8
4     0   12915400         8
4     0   12915408         8
4     0   12915416         8
4     0   12915424         8
4     0   12915432         8
4     0   12915440         8
4     0   12915448         8
4     0   12928920         8
4     0   12915584         8
4     0   12915592         8
4     0   12915600         8
4     0   12915608         8
4     0   12915616         8
4     0   12915624         8
4     0   12915632         8
4     0   12915640         8
4     0   12950608         8
4     0   12950616         8
4     0   12916672         8
4     0   12916680         8
4     0   12916688         8
4     0   12916696         8
4     0   12916704         8
4     0   13918192      2192
4     0   13920384         8
4     0   13370856       512
4     0   13371368         8
4     0   12897360         8
4     0   12897368         8
4     0   12897376       144
4     0   12916624        16
4     0   12902104         8
4     0   12897520         8
4     0   12897528         8
4     0   12902080         8
4     0   12902088         8
4     0   12902096         8
4     0   12968840         8
4     0   42054872         8
4     0   41960704       264
4     0   42395592        24
4     0   42406272        56
0     0   10225880         8
0     0   10226848         8
0     0   10228296         8
0     0   10228712         8
0     0   10229960         8
0     0   10230000         8
0     0   10230096         8
0     0   10230344         8
0     0   10232800         8
0     0   10233008         8
0     0   10230576         8
0     0   10232024         8
0     0   10232944        16
0     0   10233840         8
0     0   10233912        16
0     0   10233976         8
0     0   10236328         8
0     0   10236352         8
0     0   10237048        16
0     0   10235240        16
0     0   10236272        16
0     0   10236368        16
0     0   10237000         8
0     0   10237096         8
0     0   10237200         8
0     0   10238040        24
0     0   10238336         8
0     0   10238440         8
0     0   10238536         8
0     0   10238640         8
0     0   10237176         8
0     0   10237232         8
0     0   10238936         8
0     0   10239032         8
0     0   10239128         8
0     0   10239232         8
0     0   10239352         8
0     0   10240112         8
0     0   10238736         8
0     0   10238832         8
0     0   10240352        24
0     0   10240432         8
0     0   10240536         8
0     0   10240632         8
0     0   10240728         8
0     0   10240984         8
0     0   10241216         8
0     0   10241264         8
0     0   10241592         8
0     0   10241704         8
0     0   26515496         8
0     0   10241288         8
0     0   10241440        16
0     0   10241488         8
0     0   10241656         8
0     0   10241896        56
0   279   12586008         8
0   279   12586024         8
0   279   12586088         8
0   279   12586280         8
0   279   27000056        24
0   279       2072         8
0   279    8390664         8
0   279    8391016         8
0   279    8391120         8
0   279   12585216        16
0   279   12585248         8
0   279   12586320         8
0   279   12586408         8
0   279   12585272         8
0   279   12585952        40
0     0   12586720        32
0   279   12586824         8
0   279   12586912         8
0   279   12589728         8
0   279   12589784         8
0   279   12589800        16
0   279   12591008         8
0   279   12592536         8
0   279   12593632         8
0   279   12654152         8
0   279   12661632         8
0   279   12663328         8
0   279   12663424         8
0     0   12663440         8
0     0   12665240         8
0     0   12686296         8
0     0   16779264         8
0   279   16865504         8
0   279   20979144         8
0   279   25167912         8
0   279   25167992         8
0   279   25169272         8
0   279   29681208         8
0   279   33556608         8
0   279   16851248        16
0   279   33556624         8
0   279   33559472         8
0   279   16779400         8
0   279   33561816         8
0     0   33569808        16
0     0   33622904         8
0     0   33556792         8
0     0   33625072         8
0     0   41945232         8
0     0   41945344         8
0     0   42010888         8
0     0   46149960         8
0     0    8587344         8
0     0    8588208         8
0     0    8588312         8
0     0    8588520         8
0   279    8588640         8
0   279    8588856         8
0   279    8590144         8
0   279    8591648         8
0   279    8591968         8
0   279    8592056         8
0     0    8594480         8
0     0    8591608         8
0     0    8594520         8
0     0    8594544        16
0     0    8595120         8
0     0    8595136        24
0     0    8595360         8
0     0    8595504         8
0     0    8595552         8
0     0    8594496         8
0   279    8596168         8
0   279    8596200         8
0   279    8596216         8
0   279    8596624         8
0   279    8596720         8
0     0    8598944         8
0     0    8599544         8
0     0    8599648         8
0   279    8599744         8
0   279    8600056         8
0   279    8600824        24
0   279    8600928         8
0   279    8601232         8
0     0    8601248         8
0     0    8603120         8
0     0    8601968         8
0     0    8079800         8
0     0    8079952         8
0     0    8080512        16
0     0    8080544         8
0     0    8080560         8
0     0    8080824         8
0     0    8603536         8
0     0    8079696         8
0   279    8080872         8
0   279    8080952         8
0   279    8081080        16
0   279    8081200         8
0   279    8081232        24
0   279    8081352         8
0     0    8081488         8
0     0    8081512         8
0   279    8081528         8
0   279    8081544         8
0   279    8081560        16
0     0    8081712        16
0     0    8081768        16
0     0    8081592        16
0     0    8081616        24
0     0    8081656        32
0  6262   29988864         8
0  6262   26983760         8
0    10   27000080        64
0    10   29149184       120
0    10   26983744         8
0     0   13860864         8
0     0   26148224         8
0     0   13035520        40
3     0   13645672        32
3     0   12664864         8
3     0   13735936         8
3     0   26148232        16
3     0   13736960        24
3  6342   26148248        16
3  1599   26148264        16
1     0   26143160        32
1     0   26143192         8
3  6342    6374600       256
3  6342   12664896         8
3  6342   13862912         8
3  6342   26148280        16
3  6342   13863936        24
3    30   26148296        16
3  6342   26148312        16
1  1369   12665160         8
1     0   26143360         8
1     0   26148392         8
1     0   12872720         8
1     0   26732632         8
1     0   26733520         8
1     0   26630472         8
1     0   26647096         8
1     0   21566008         8
1     0   26628808        48
1     0   26571456         8
1     0   26732584         8
1     0   26732576         8
1  6440   12669720         8
1  6440   12669712         8
3  1369   12665192         8
3  6342   12863392         8
4     0   21482368        48
0  1369   21482336        32
0     0   12664856         8
0  6396   12856736        24
0  6396   12661672         8
0  6396   12863384         8
0  6396   12951408         8
0  6396   12663488         8
0  6396   13140128        96
0     0   27000144         8
0     0   21482112        32
0     0   21482144        56
0     0   26933760         8
0  6455          0         0
0  6455          0         0
0  6455   26143136         8
0  6455   26143224         8
0  6455   34019480         8
0     0          0         0
0     0          0         0
1  6444   25557960       504
1  6361          0         0
1   299   25558464         8
1     0   13026272       368
1     0          0         0
1     0   25558464         0
1  6361   25558472        48
1  6361   13026640         8
1     0          0         0
1   299   25558520         8
1  6361          0         0
1  6361   25558520         0
1  6361   25558528       104
1  6361          0         0
1  6361   25558632         8
1  6453          0         0
1  6453   25558632         0
1  6361   25558640        56
1  1197          0         0
1  6361   25558696         8
1  6361          0         0
1  6361   25558696         0
1  6370   25558704        40
1     0          0         0
1  6466   25558744         8
1     0          0         0
1     0   25558744         0
3  6342   13026664        24
5     0   26933744        16
5  6395   12998728         8
5  6447   26143136        24
5  6400   26143216         8
5  1369   26143224         8
5  6400   26729816         8
5  6400   29985304         8
5  6400   26024264        16
5  6400   26028536         8
5  6400   34019480         8
5  6443   26933760        32
5  6443   26933744         8
5  6443          0         0
5  6443          0         0
5  1369   13645568        16
5  1369          0         0
5  1369          0         0
3     0   42034424         8
3     0   42353072         8
1  6447   12664904         8
1     0   12968392         8
1  6384   26148328         8
1  6447   25558752       136
1     0          0         0
1  6447   25558888         8
1  6447          0         0
1  6447   25558888         0
1  6491   25558896        88
1  6491          0         0
1  6491   25558984         8
1     0          0         0
1     0   25558984         0
2  6410   26655864         8
2  6433   26655872         8
0  6404   42394832        32
0  6404   42394792         8
0  6404   42395136        64
0  6404   42395200       128
0  6388   42395328       256
4     0   42394864        48
4  6361   42395104        32
3  6342   12584976         8
3  6397   12681584         8
3     0   25238400         8
3     0   25921320        32
3  6393   25922248       136
3     0   25922040       208
3     0   25921352       256
3  6397   25921608       256
5  6407   12654144         8
5  6361   12681576         8
0  6388   42395584         8
0  6404   42054664         8
0  6404   42403232        32
0  6404   42054536         8
0  6404   42402656        32
0  6404   25237888         8
5     0   12669704         8
0     0   38088424       256
0     0   38088872       256
0  6404   38089128        96
3     0   12699136         8
3     0   12968744         8
3     0   12881976         8
5     0   26143240        24
5     0   26143280         8
5  6342   26143288         8
5  6342   26143312        16
5  6342   26143344        16
5     0    6336392       256
5  6404    6336648       256
5     0    6334600       256
5  6404    6334856       256
5  6404    6374856         8
0     0    9010392       256
0  6396    9010648       256
0  6396    9010904       256
0     0    9011160       184
0     0    9012360       256
0  6396    9013192       256
0     0    9013448       256
0  6372    9013704       256
0     0    9012616       128
0     0    9012744       256
0     0    9006040       256
1     0    8980480       256
1     0    9016832       256
1     0    9017344       256
1     0    9014512       256
1     0    9015016       256
1     0    9015272       128
1     0    9015400       256
1  6404    9015656       256
1  6433    8980760       256
0  6333    9017768       248
0     0    9006808       256
0     0    9005856       184
0     0    9005160       256
0     0    9017200       144
0     0    9006512       256
0     0    9007464       256
0     0    9007208       256
2     0   12660584         8
2     0   12661704         8
2     0   12660592         8
2     0   12867728         8
2     0   13017072         8
2     0   12669752         8
2     0   12669744         8
2     0   13020792         8
2     0   13020784         8
0   493   12897768         8
0  6388   12897752        16
0  6388   12897728        24
2     0   12650768         8
2     0   12661688         8
2     0   12867952         8
2     0   12867936        16
2     0   12867840        96
2     0   12665176         8
2     0   13131384         8
2     0   13131376         8
0  6404   12660416         8
0  6404   12863408         8
0  6404   12994888         8
0  6404   12994552       336
0  6388   12668128         8
0  6404   12968528        24
0  6404   12968568         8
0  6404   26147896        24
0  6388   26147944         8
0     0   38587000        40
0     0   12968648        32
0     0   12968680         8
0     0   12856640         8
1  6406   12856704         8
1     0   12665184         8
1     0   26651184         8
1     0   26651176         8
1   300   12863408         8
1   300   13017072         8
1     0   25558992       488
1     0          0         0
1     0   25559480         8
1     0          0         0
1     0   25559480         0
1     0   26758240         8
1     0   25559488        48
1     0          0         0
1     0   25559536         8
1     0          0         0
1     0   25559536         0
1     0   26758248         8
2     0   26143440        40
2     0   26729736         8
2  6388   26733288        32
2  6388   38365352        24
2  6332   12968728         8
4  6514   12955632        16
4  6514   13039264         8
4  6514    8663168        64
0  6383   26143376         8
0  6383   26143400        16
0  6383   26143432         8
1     0   25559544        72
1     0          0         0
1     0   25559616         8
1     0          0         0
1     0   25559616         0
1     0    8668120        40
2     0   12685536         8
2     0   12968688         8
2     0   12857712         8
2     0   12652304         8
2     0   12968704         8
2     0   12863416         8
2     0   26631792         8
2     0   12652328         8
2     0   12968712         8
2     0   12867496         8
2     0   26147984         8
2     0   12652344         8
2     0   12968720         8
2     0   12867512         8
4     0   12685560         8
4     0   12968696         8
4     0   12856696         8
4     0   12664312         8
4     0   13149152        32
4  6369   13149184        64
4  6369   13149248       128
4  6369   13149376       256
4  6369   13149632       240
1     0   12652400         8
1     0   26147968         8
1     0   12873952         8
1     0   26147976         8
1     0   26147984         8
1    18   25559624       392
1     0          0         0
1  6433   25560016         8
1     0          0         0
1     0   25560016         0
2     0   13131360         8
2     0   13137856         8
0     0   27000152        16
0     0   27000152         8
0     0          0         0
0     0          0         0
0     0   13645696        16
0     0          0         0
0     0          0         0
0     0          0         0
0     0          0         0
1     0   26758256       128
1   300   13137856         8
1     0   25560024       208
1     0          0         0
1     0   25560232         8
1     0          0         0
1     0   25560232         0
1     0   25560240       112
1     0          0         0
1     0   25560352         8
1     0          0         0
1     0   25560352         0
1     0   25560360       128
1     0          0         0
1     0   25560488         8
1     0          0         0
1     0   25560488         0
1     0   25560496       120
1     0          0         0
1   299   25560616         8
1     0   26758384        96
1     0          0         0
1     0   25560616         0
1     0   25560624        64
1     0          0         0
1     0   25560688         8
1     0          0         0
1     0   25560688         0
1     0   25560696        96
1  6380          0         0
1     0   25560792         8
1     0          0         0
1     0   25560792         0
1     0   25560800       128
1     0          0         0
1     0   25560928         8
1     0          0         0
1     0   25560928         0
5  3881   26933792        48
2  6388   26655880         8
2  6342   12924896        24
2  6361   12955520        96
2  6342   26655888        24
2  6342   26655912        48
2  6361   26655960       128
2  6388   26655912         8
2  6342          0         0
2  6342          0         0
2    24   26143136         8
2    24   26729816         8
2    24   26024264        16
2    24   26028536         8
2     0          0         0
2     0          0         0
CPU0 (8,0):
 Reads Queued:           0,        0KiB	 Writes Queued:           0,        0KiB
 Read Dispatches:        0,        0KiB	 Write Dispatches:        0,        0KiB
 Reads Requeued:         0		 Writes Requeued:         0
 Reads Completed:      222,    21804KiB	 Writes Completed:      189,     1036KiB
 Read Merges:            0,        0KiB	 Write Merges:            0,        0KiB
 Read depth:             0        	 Write depth:             0
 IO unplugs:             0        	 Timer unplugs:           0
CPU1 (8,0):
 Reads Queued:           0,        0KiB	 Writes Queued:           0,        0KiB
 Read Dispatches:        0,        0KiB	 Write Dispatches:        0,        0KiB
 Reads Requeued:         0		 Writes Requeued:         0
 Reads Completed:      129,     5696KiB	 Writes Completed:       77,     2264KiB
 Read Merges:            0,        0KiB	 Write Merges:            0,        0KiB
 Read depth:             0        	 Write depth:             0
 IO unplugs:             0        	 Timer unplugs:           0
CPU2 (8,0):
 Reads Queued:           0,        0KiB	 Writes Queued:           0,        0KiB
 Read Dispatches:        0,        0KiB	 Write Dispatches:        0,        0KiB
 Reads Requeued:         0		 Writes Requeued:         0
 Reads Completed:       49,      316KiB	 Writes Completed:       15,      196KiB
 Read Merges:            0,        0KiB	 Write Merges:            0,        0KiB
 Read depth:             0        	 Write depth:             0
 IO unplugs:             0        	 Timer unplugs:           0
CPU3 (8,0):
 Reads Queued:           0,        0KiB	 Writes Queued:           0,        0KiB
 Read Dispatches:        0,        0KiB	 Write Dispatches:        0,        0KiB
 Reads Requeued:         0		 Writes Requeued:         0
 Reads Completed:       59,      983KiB	 Writes Completed:        8,       44KiB
 Read Merges:            0,        0KiB	 Write Merges:            0,        0KiB
 Read depth:             0        	 Write depth:             0
 IO unplugs:             0        	 Timer unplugs:           0
CPU4 (8,0):
 Reads Queued:           0,        0KiB	 Writes Queued:           0,        0KiB
 Read Dispatches:        0,        0KiB	 Write Dispatches:        0,        0KiB
 Reads Requeued:         0		 Writes Requeued:         0
 Reads Completed:      155,    11684KiB	 Writes Completed:        0,        0KiB
 Read Merges:            0,        0KiB	 Write Merges:            0,        0KiB
 Read depth:             0        	 Write depth:             0
 IO unplugs:             0        	 Timer unplugs:           0
CPU5 (8,0):
 Reads Queued:           0,        0KiB	 Writes Queued:           0,        0KiB
 Read Dispatches:        0,        0KiB	 Write Dispatches:        0,        0KiB
 Reads Requeued:         0		 Writes Requeued:         0
 Reads Completed:       52,      776KiB	 Writes Completed:        9,       68KiB
 Read Merges:            0,        0KiB	 Write Merges:            0,        0KiB
 Read depth:             0        	 Write depth:             0
 IO unplugs:             0        	 Timer unplugs:           0

Total (8,0):
 Reads Queued:           0,        0KiB	 Writes Queued:           0,        0KiB
 Read Dispatches:        0,        0KiB	 Write Dispatches:        0,        0KiB
 Reads Requeued:         0		 Writes Requeued:         0
 Reads Completed:      666,    41259KiB	 Writes Completed:      298,     3608KiB
 Read Merges:            0,        0KiB	 Write Merges:            0,        0KiB
 IO unplugs:             0        	 Timer unplugs:           0

Throughput (R/W): 5870KiB/s / 513KiB/s
Events (8,0): 964 entries
Skips: 0 forward (0 -   0.0%)
